76 116 72 6.1 1110.382514 91.80327869 0 21 3 7 211 1.6 102 1 3 62.5 10 19 6
93 125 77 6.2 1148.387097 60.21505376 2 20 6 4 166 1.3 120 2 3 72.5 14 22 12
89 168 102 5.4 1762.962963 69.13580247 2 22 5 3 190 1.9 127 1 8 57.5 8 22 8
87 129 68 4.7 1367.375887 73.75886525 0 23 8 3 158 1.1 109 3 8 62.5 10 23 10
79 104 66 5.1 1045.751634 78.43137255 2 30 12 12 102 4.3 190 4 8 57.5 15 30 15
81 107 69 4.8 1277.777778 68.68686869 0 24 0 13 173 1.2 127 4 3 57.5 7 18 8
78 112 61 4.8 1166.666667 155.5555556 5 30 8 13 162 2.1 102 5 3 57.5 10 38 10
104 130 87 6.5 1185.641026 90.25641026 2 22 5 4 176 3 120 13 3 62.5 12 22 8
101 108 72 5.5 1018.181818 116.3636364 0 26 6 4 151 0.9 106 4 15 57.5 18 27 13
101 161 101 7.2 1311.111111 77.77777778 0 28 1 3 197 2.3 60 11 3 62.5 15 27 12
80 164 93 6.6 1377.777778 68.68686869 0 24 3 3 208 1.7 53 1 3 62.5 12 23 10
80 135 83 6.8 1168.627451 66.66666667 0 23 0 6 194 2.3 102 4 3 67.5 8 19 6
82 137 87 5.4 1491.358025 123.4567901 0 20 3 5 190 1.7 81 5 3 62.5 10 20 5
102 101 72 6.7 924.4444444 55.72139303 0 28 8 5 148 3.9 120 2 3 57.5 12 24 13
95 135 91 6.5 1166.666667 39.02439024 0 21 1 3 197 0.9 120 5 3 62.5 15 18 12
71 97 55 4.7 1018.181818 245.751634 2 45 0 4 197 8.7 53 2 8 18 15 36 9
70 148 91 7.5 1035.555556 245.751634 10 35 10 5 144 2.1 53 1 3 62.5 30 55 18
89 84 64 4.9 1045.751634 115.5555556 5 25 6 7 151 2.7 190 11 8 57.5 18 32 14
89 103 63 3.5 1656.737589 155.5555556 2 30 2 5 88 2.1 130 4 8 48 12 32 12
101 83 66 4.7 1010.328638 155.5555556 2 33 8 5 224 8.7 85 2 8 57.5 24 38 18
93 139 84 4.1 2046.846847 141.4965986 2 33 8 5 113 0.9 53 11 3 62.5 12 30 10
83 121 55 4.8 1185.641026 210.1010101 8 45 15 18 176 0.9 95 13 3 57.5 27 56 20
76 92 70 3.3 1611.111111 161.1111111 2 33 5 7 148 0.9 53 4 3 72.5 15 35 12
91 102 68 4.9 1099.319728 141.4965986 0 40 2 8 166 2.1 95 11 15 20 22 36 18
93 116 84 5.2 1313.207547 187.1345029 2 28 12 3 166 1.3 102 5 3 62.5 20 31 10
84 84 49 6.9 668.5990338 155.5555556 2 35 0 9 113 0.9 95 11 15 13 20 53 20
103 95 62 6.9 800 155.5555556 2 38 10 4 116 8.7 95 11 8 62.5 27 46 20
99 93 61 4.8 1010.328638 141.4965986 2 38 12 4 116 2.7 95 4 15 57.5 24 38 20
103 99 67 6.2 924.7311828 210.1010101 8 38 15 9 204 0.9 95 18 8 57.5 36 60 20
85 83 55 5.9 790.960452 245.751634 5 45 12 7 109 2.3 81 1 15 20 24 56 20
88 99 64 5.7 987.1345029 245.751634 2 40 5 9 197 0.9 95 1 15 18 22 42 14
82 91 63 5.4 967.9012346 210.1010101 8 35 15 18 176 2.1 53 18 3 57.5 32 56 20
86 85 59 5.1 967.3202614 187.1345029 0 38 0 9 289 0.9 81 18 15 13 32 55 26
81 96 61 6.1 900.5464481 136.9369369 8 38 10 7 208 8.7 60 18 3 57.5 27 43 20
86 83 52 5.9 790.960452 81.3559322 0 35 8 12 109 20.9 144 2 3 57.5 24 48 26
84 96 51 4.6 1043.478261 161.1111111 2 35 5 5 176 8.7 144 11 15 18 24 56 20
86 84 56 5.9 804.519774 154.3859649 5 40 12 9 116 20.9 102 1 3 62.5 24 54 25
86 139 74 9.9 708.4175084 32.32323232 2 31 2 8 158 1.4 130 4 8 57.5 12 24 12
93 143 83 10.3 745.631068 51.77993528 0 28 2 10 180 1.6 113 5 8 57.5 14 28 12
97 161 84 10.9 731.4984709 63.60856269 0 40 10 7 176 1.6 85 4 3 62.5 20 40 18
91 139 73 7.1 1014.084507 22.53521127 0 33 5 12 116 1.8 144 18 3 57.5 12 30 16
79 119 89 5.2 1492.307692 32.32323232 0 18 2 6 88 0.8 130 6 8 57.5 12 18 12
105 140 81 3.7 2046.846847 136.9369369 0 25 6 6 134 2.5 130 2 3 57.5 15 25 12
80 126 71 3.8 1796.491228 154.3859649 0 32 5 5 144 1.9 95 2 3 57.5 13 32 12
74 129 64 6 1035.555556 115.5555556 2 35 8 5 127 0.9 60 5 3 57.5 18 35 15
105 133 74 5.1 1077.124183 245.751634 2 35 12 3 204 2.1 85 5 15 12.5 30 35 16
105 113 57 6.2 804.519774 107.8014184 2 22 15 5 173 2.5 127 2 8 72.5 19 28 15
94 100 59 4.6 1077.124183 161.1111111 8 31 12 7 144 2.7 102 18 8 62.5 19 35 16
92 110 58 4.8 1122.222222 161.1111111 5 35 8 7 144 2.7 81 18 8 62.5 15 35 12
80 136 82 4.1 1756.097561 39.02439024 8 30 10 4 113 3.9 118 11 3 57.5 15 30 18
79 129 78 5.3 1313.207547 5.031446541 5 31 8 5 109 2.7 102 13 3 62.5 15 31 20
97 111 66 6.9 987.1345029 155.5555556 0 38 0 6 197 0.9 95 5 15 13 20 35 16
93 99 67 3.5 1660.952381 187.1345029 2 35 6 5 88 2.7 85 4 8 57.5 19 38 16
87 138 90 5.6 1442.857143 114.2857143 5 29 9 4 204 1.3 95 6 3 62.5 13 28 10
88 133 84 4.7 1656.737589 107.8014184 0 24 2 6 116 1.5 95 6 8 67.5 11 24 9
69 118 65 6.7 951.2437811 55.72139303 2 40 1 18 246 8.7 113 13 3 12.5 18 38 20
70 111 62 5.7 987.1345029 187.1345029 8 40 6 12 173 0.9 81 13 15 13 25 50 20
71 116 78 4.9 1431.292517 239.4557823 8 38 8 3 180 20.9 81 1 3 18 24 56 20
71 121 88 7.1 1025.352113 22.53521127 2 30 2 3 113 2.3 85 10 3 75 20 35 20
71 126 73 7.5 924.4444444 116.3636364 8 38 10 5 144 2.7 95 6 3 57.5 20 46 20
95 116 80 8.6 772.0930233 62.01550388 5 33 12 5 180 2.3 106 6 3 75 18 32 16
95 131 89 8.8 827.2727273 63.63636364 8 38 15 6 197 4 95 11 3 62.5 22 37 20
96 125 83 9.7 742.2680412 32.98969072 2 25 2 8 183 2.7 130 8 3 57.5 11 23 11
87 155 86 7.5 1152 39.11111111 0 21 0 4 176 2.3 118 4 3 62.5 7 18 7
90 167 94 4.6 2005.797101 86.95652174 0 28 2 4 169 1.6 85 10 3 57.5 10 22 9
88 146 93 4.5 1931.851852 82.96296296 0 20 2 4 190 1.5 127 4 3 62.5 5 16 4
89 144 83 5.6 1447.619048 100 2 18 4 3 176 2.1 120 4 3 57.5 9 18 5
83 139 86 5 1610.666667 74.66666667 0 19 1 4 183 1.6 109 5 3 57.5 10 18 8
89 111 55 4.5 1166.666667 155.5555556 5 25 8 7 197 3 102 4 3 62.5 15 32 12
89 111 55 7.2 793.7984496 74.66666667 2 31 12 10 88 1.4 118 5 15 57.5 19 38 20
89 109 62 5.7 1126.368159 48.48484848 2 20 10 4 113 4 190 1 8 57.5 10 23 12
89 96 50 5.9 800 86.95652174 2 40 7 7 204 2.1 113 18 15 18 22 36 20
97 121 76 6.7 967.1641791 123.3830846 8 25 12 7 165 0.9 118 10 8 62.5 19 35 14
94 131 84 7.1 1010.328638 30.04694836 0 31 2 7 169 8.7 118 5 3 62.5 12 32 16
77 93 53 5.9 845.1977401 40.6779661 2 21 5 4 224 2.7 144 3 3 57.5 10 16 9
82 111 75 5.2 1292.307692 76.92307692 0 21 1 5 224 3 102 2 3 62.5 10 19 8
89 89 55 3.3 1220.20202 210.1010101 10 45 20 5 109 2.3 102 1 15 20 28 45 25
79 142 77 4.8 1611.111111 88.88888889 0 20 2 3 148 1.8 81 5 3 72.5 10 20 8
85 129 67 4.7 1492.198582 107.8014184 0 20 0 3 148 1.2 102 4 3 67.5 8 18 5
93 180 99 8.1 1165.432099 118.5185185 2 40 8 8 289 2.1 60 6 3 57.5 22 40 16
85 116 74 7.7 872.7272727 48.48484848 2 20 2 5 246 0.9 120 5 3 57.5 10 18 8
88 127 78 6.7 1126.368159 55.72139303 5 18 7 5 211 1.1 190 6 3 62.5 8 16 6
91 125 67 8.6 793.7984496 62.01550388 5 18 7 5 165 0.8 190 4 8 62.5 10 18 6
100 106 66 4.8 1322.222222 77.77777778 2 12 0 4 88 0.7 130 18 8 57.5 5 10 2
